LAT=-22.9018587
LOT=-42.838483